EQUIPE lionel pepsi
INSTANCE 10
0 6
0 27
0 34
0 41
1 6
1 11
1 24
1 42
1 49
2 4
2 25
2 36
2 45
3 1
3 17
3 22
3 35
4 0
4 10
4 18
4 21
4 27
4 48
5 1
5 21
5 30
5 34
5 44
6 3
6 49
7 15
7 45
7 49
8 4
8 10
8 23
8 31
8 39
9 6
9 25
9 31
9 35
10 2
10 12
10 26
10 33
10 38
11 1
11 26
12 11
12 19
12 23
12 44
13 5
13 41
13 44
14 5
14 10
14 18
14 37
14 47
15 4
15 17
15 25
15 32
15 40
16 2
16 38
17 4
17 11
17 22
17 34
18 11
18 20
18 39
18 43
19 10
19 19
19 30
19 38
20 6
20 10
20 12
20 42
20 46
21 3
21 21
21 47
22 13
22 16
22 21
22 24
22 32
22 39
23 3
23 32
23 39
23 48
24 33
24 42
