EQUIPE lionel pepsi
INSTANCE 11
0 33
1 23
1 32
1 37
1 41
1 44
2 9
2 35
2 44
3 0
3 4
3 18
3 22
3 37
3 42
3 48
4 12
4 19
4 41
4 46
5 3
5 10
5 19
5 31
5 43
5 49
6 17
6 49
7 16
7 20
7 31
7 44
8 42
9 6
9 12
9 19
9 30
9 34
9 38
9 46
10 3
10 17
10 28
11 5
12 9
12 19
12 21
12 27
12 48
13 16
13 23
13 42
13 45
14 2
14 28
14 39
14 44
15 1
15 15
15 17
15 26
15 44
16 12
16 36
17 1
17 8
17 12
17 31
17 38
17 46
18 4
18 19
18 43
18 47
19 1
19 5
19 16
19 49
20 3
20 9
20 13
20 27
20 48
21 1
21 17
22 8
23 16
23 18
23 31
23 43
23 48
24 18
24 32
