EQUIPE lionel pepsi
INSTANCE 15
0 0
0 5
0 8
0 13
0 23
0 35
0 41
1 2
1 10
1 33
1 35
1 42
1 46
2 0
2 3
2 12
2 16
2 18
2 20
2 23
2 28
2 30
2 33
2 39
2 42
2 48
3 7
3 11
3 15
3 24
3 29
3 31
3 35
3 39
3 44
3 47
4 1
4 4
4 11
4 13
4 16
4 27
4 30
4 35
4 39
4 44
5 1
5 14
5 25
5 31
5 37
5 45
6 0
6 7
6 9
6 11
6 23
6 25
6 31
6 49
7 2
7 4
7 7
7 14
7 22
7 24
7 30
7 40
7 42
7 48
8 0
8 12
8 14
8 22
8 27
8 30
8 36
8 38
8 42
8 48
9 0
9 2
9 5
9 15
9 19
9 21
9 29
9 34
9 41
9 44
9 47
9 49
10 5
10 11
10 14
10 20
10 24
10 36
10 48
11 3
11 9
11 14
11 21
11 28
11 31
11 35
11 39
11 43
11 46
11 49
12 0
12 3
12 9
12 13
12 18
12 20
12 30
12 40
12 47
12 49
13 3
13 9
13 12
13 17
13 20
13 32
13 37
13 45
14 0
14 3
14 11
14 16
14 21
14 24
14 28
14 33
14 38
14 44
14 49
15 1
15 14
15 19
15 25
15 30
15 41
15 48
16 4
16 6
16 13
16 16
16 26
16 30
16 32
16 35
16 39
16 44
16 49
17 0
17 3
17 5
17 18
17 23
17 31
17 34
17 36
17 44
18 5
18 12
18 18
18 27
18 31
18 40
18 48
19 1
19 4
19 11
19 15
19 21
19 23
19 29
19 31
19 33
19 39
19 41
19 43
19 45
19 48
20 1
20 12
20 17
20 21
20 26
20 36
20 45
21 2
21 10
21 14
21 23
21 27
21 32
21 40
21 48
22 0
22 9
22 14
22 16
22 19
22 21
22 23
22 27
22 29
22 34
22 38
22 40
22 45
23 3
23 14
23 18
23 20
23 24
23 30
23 36
23 38
23 42
23 48
24 8
24 14
24 21
24 25
24 31
24 34
24 37
24 41
24 45
24 48
