EQUIPE lionel pepsi
INSTANCE 16
0 0
0 12
0 14
0 26
0 34
0 41
0 46
0 49
1 0
1 4
1 6
1 9
1 17
1 24
1 30
1 32
1 42
1 45
1 48
2 2
2 6
2 9
2 13
2 16
2 22
2 29
2 35
2 42
2 45
3 0
3 4
3 9
3 15
3 20
3 28
3 35
3 38
3 46
4 3
4 8
4 10
4 14
4 25
4 31
4 33
4 37
4 45
4 48
5 2
5 13
5 22
5 28
5 32
5 38
5 49
6 1
6 15
6 18
6 29
6 34
6 38
7 3
7 7
7 15
7 22
7 26
7 33
7 36
7 44
8 0
8 2
8 6
8 11
8 25
8 27
8 36
8 41
8 47
9 3
9 9
9 13
9 15
9 24
9 29
9 34
9 37
9 41
9 49
10 0
10 8
10 12
10 17
10 23
10 27
10 30
10 35
10 41
10 45
10 48
11 6
11 13
11 16
11 23
11 26
11 30
11 36
11 41
11 46
12 3
12 14
12 18
12 21
12 28
12 32
12 37
13 4
13 9
13 12
13 18
13 22
13 25
13 29
13 31
13 34
13 36
13 45
13 48
14 2
14 11
14 18
14 21
14 29
14 34
14 36
14 45
15 0
15 5
15 7
15 9
15 20
15 24
15 35
15 42
15 44
15 47
16 0
16 4
16 10
16 17
16 20
16 26
16 34
16 38
16 45
17 0
17 5
17 8
17 12
17 19
17 24
17 33
17 35
17 38
17 43
18 0
18 5
18 11
18 18
18 24
18 29
18 32
18 36
18 40
18 46
19 1
19 6
19 8
19 19
19 22
19 24
19 27
19 32
19 35
19 40
19 45
20 0
20 7
20 9
20 18
20 21
20 26
20 31
20 34
20 39
20 45
21 1
21 6
21 8
21 15
21 21
21 26
21 38
21 45
22 0
22 7
22 10
22 17
22 24
22 29
22 32
22 46
23 0
23 7
23 15
23 19
23 24
23 27
23 37
23 39
23 42
23 47
24 0
24 5
24 8
24 14
24 19
24 28
24 33
24 37
24 40
24 49
