EQUIPE lionel pepsi
INSTANCE 9
0 22
1 5
1 9
1 16
1 18
1 23
1 33
1 49
2 32
2 34
2 46
3 3
3 13
3 19
3 30
3 34
3 40
3 46
4 9
4 11
4 27
4 31
5 4
5 24
5 34
5 38
5 44
6 13
6 21
6 46
7 9
7 39
8 2
9 9
9 17
9 26
9 30
9 48
10 8
10 18
10 32
11 3
11 31
12 2
12 10
12 14
12 23
12 33
12 38
13 27
13 39
13 43
13 49
14 1
14 11
14 31
14 45
15 10
15 32
15 40
16 18
16 40
16 48
17 2
17 7
17 26
17 46
18 2
18 17
18 26
18 31
19 6
19 35
19 49
20 5
20 16
20 23
20 26
20 29
20 39
20 43
21 22
21 43
22 5
22 26
22 31
22 34
23 2
23 11
23 22
24 10
24 38
