EQUIPE lionel pepsi
INSTANCE 5
1 5
2 2
3 1
4 14
5 11
6 8
7 3
8 22
9 0
10 17
11 4
12 16
13 18
14 6
15 12
16 19
17 9
18 15
19 24
20 23
21 13
22 25
23 39
24 35
1 5
1 7
1 11
1 15
1 30
2 2
2 5
2 34
2 38
2 47
3 1
3 11
3 15
3 24
3 26
3 31
3 33
3 43
4 1
4 14
4 37
4 48
5 1
5 11
5 26
5 43
6 8
6 9
6 15
6 17
6 31
6 36
6 44
7 3
7 11
7 15
7 34
7 36
7 44
7 45
8 22
8 23
8 27
8 39
8 40
8 41
9 0
9 7
9 23
10 17
10 21
10 23
10 37
10 39
10 42
10 47
11 4
11 7
11 12
11 23
11 29
11 39
11 49
12 16
12 22
12 42
13 0
13 2
13 4
13 16
13 18
13 28
14 3
14 6
14 11
14 22
14 41
14 42
14 48
15 12
15 30
15 40
15 42
16 0
16 1
16 19
16 35
17 9
17 16
17 36
17 38
17 40
17 45
17 47
18 15
18 48
19 0
19 15
19 19
19 24
19 31
20 11
20 23
20 45
21 13
21 23
21 29
21 30
21 42
22 22
22 25
22 47
23 8
23 9
23 11
23 39
24 0
24 5
24 6
24 16
24 35
