EQUIPE lionel pepsi
INSTANCE 16
24 41
12 45
20 18
7 36
7 16
0 47
23 31
22 47
4 25
20 45
13 20
19 38
11 30
9 37
1 48
9 13
22 10
5 33
11 17
13 29
8 23
5 2
11 13
11 27
9 16
18 12
16 45
15 36
3 46
24 44
5 25
20 18
5 9
7 16
13 36
6 38
11 27
7 15
22 46
21 29
23 33
6 35
0 2
0 34
15 15
5 44
13 31
18 12
2 24
12 32
6 15
15 5
23 24
18 26
5 14
9 24
11 8
2 9
23 44
1 24
21 16
15 14
11 23
16 38
2 29
11 36
8 37
11 17
14 39
22 39
5 20
0 6
0 2
23 10
16 26
19 43
0 0
23 20
16 47
1 30
3 4
17 45
4 33
7 11
14 39
4 3
7 7
5 19
0 21
15 47
3 15
7 46
21 47
1 25
21 6
2 29
9 49
3 9
14 32
15 44
12 25
14 36
23 47
17 45
10 9
14 2
21 29
17 45
6 49
11 43
21 38
19 40
15 36
8 47
5 49
14 2
16 26
2 42
24 40
21 10
6 5
5 22
22 46
22 11
22 4
18 40
22 29
11 46
8 15
20 9
1 42
19 28
10 35
12 21
0 12
15 0
8 41
21 30
7 46
2 35
13 48
20 40
7 16
13 48
11 26
10 4
5 28
7 44
0 22
20 42
13 31
8 36
18 25
4 31
5 5
22 10
0 3
9 37
18 20
3 43
14 22
8 2
16 30
8 11
8 25
12 22
14 3
3 38
3 28
14 30
0 21
7 47
17 49
8 11
17 33
24 41
0 42
24 41
18 18
9 41
23 2
8 12
10 23
9 15
15 24
21 2
20 10
19 32
13 29
0 20
2 6
9 19
20 10
16 17
16 45
5 43
3 21
15 13
5 44
10 41
19 1
7 26
22 10
2 9
10 35
0 23
10 38
21 1
15 14
11 26
18 11
21 21
14 2
22 24
18 18
14 37
17 46
20 21
20 31
4 26
8 15
5 15
20 0
0 24
8 37
23 9
23 2
1 24
11 19
8 47
22 39
23 42
23 3
14 45
12 37
21 16
14 32
4 4
10 41
23 9
10 48
15 5
17 12
0 34
19 24
18 42
14 18
18 15
5 4
