EQUIPE lionel pepsi
INSTANCE 12
23 4
7 17
10 34
7 26
4 9
18 26
2 39
22 17
2 48
14 13
19 9
8 18
21 37
0 14
3 31
22 44
14 40
15 5
7 1
18 1
18 10
10 36
18 19
10 45
2 41
3 6
3 15
22 28
15 16
17 44
8 4
19 4
11 0
2 45
3 10
14 10
14 28
3 37
22 18
3 23
14 23
7 2
18 11
21 13
6 24
21 49
10 12
13 32
16 37
17 20
5 27
10 7
12 44
2 21
13 27
9 38
9 47
21 12
21 21
6 32
12 48
5 17
6 9
21 7
6 18
20 29
12 25
23 25
2 11
23 43
4 39
1 19
17 9
11 41
23 15
12 24
16 12
1 9
1 18
11 13
0 40
8 21
7 42
24 43
6 3
9 13
11 20
19 33
24 4
0 42
