EQUIPE lionel pepsi
INSTANCE 15
7 17
15 30
7 26
18 26
7 35
8 0
18 35
19 0
18 44
19 9
0 5
11 5
8 18
19 18
0 14
11 14
0 23
11 23
10 36
22 10
22 19
3 15
3 24
14 24
3 33
22 46
14 42
15 16
18 12
7 30
9 49
21 32
0 9
11 9
21 41
10 31
22 5
14 1
22 14
2 45
22 23
5 46
21 27
6 47
2 31
2 49
13 46
7 2
21 40
10 12
14 0
22 13
13 32
24 32
3 9
17 20
17 29
5 45
6 37
20 39
2 30
24 27
24 36
1 43
17 24
5 31
6 23
10 11
20 43
23 39
24 22
24 31
1 38
24 40
6 9
19 46
4 39
13 17
24 44
17 23
12 20
23 38
24 21
13 30
15 48
8 45
11 41
4 11
12 42
16 30
8 22
20 5
4 6
20 32
19 35
11 49
24 6
16 2
8 30
11 35
15 19
2 48
3 13
14 22
10 20
14 35
2 20
22 16
9 46
6 31
3 7
17 13
9 18
5 29
21 28
23 46
9 35
8 48
13 28
13 37
6 6
11 48
5 9
8 20
24 18
9 2
0 38
15 22
0 6
8 28
11 10
11 28
7 8
