EQUIPE lionel pepsi
INSTANCE 13
5 1
16 23
4 5
13 42
23 4
6 3
8 24
3 18
4 25
15 1
13 46
19 31
4 27
21 32
17 47
11 43
3 3
5 25
15 26
13 46
24 4
11 14
21 29
19 31
10 39
7 24
19 47
6 32
1 28
19 22
20 17
1 30
13 9
11 43
0 12
2 31
15 3
21 13
21 41
22 28
2 34
6 19
0 14
23 31
0 13
22 3
12 42
22 48
2 46
0 14
9 47
9 31
5 37
21 5
14 44
0 12
5 37
18 17
23 26
11 47
12 19
22 47
1 22
7 26
4 34
1 28
8 9
2 33
3 23
15 23
0 17
16 47
16 34
22 11
7 20
15 37
8 9
4 28
8 45
19 40
7 21
19 36
11 1
16 47
10 26
12 49
9 16
13 46
6 19
6 26
0 17
6 9
0 5
2 44
15 42
7 33
8 33
5 37
24 35
15 0
10 40
22 5
14 48
7 3
7 27
2 34
24 19
8 24
0 6
19 41
13 44
15 49
22 13
8 33
14 41
22 20
2 17
18 43
7 11
3 44
15 39
7 5
8 33
7 4
10 13
22 12
1 14
5 47
11 46
10 34
13 44
3 14
16 1
17 5
1 47
18 46
24 28
17 37
14 11
12 47
22 28
20 7
9 34
22 31
12 35
20 25
6 32
14 2
0 26
21 6
4 32
11 43
6 37
1 13
14 8
3 16
1 23
3 44
8 1
4 44
13 45
7 26
2 40
1 20
8 4
13 39
17 18
16 42
3 28
2 40
8 24
8 47
7 29
0 26
16 42
2 33
17 2
19 47
17 32
15 4
12 3
8 45
3 26
24 10
22 20
3 25
11 43
8 47
15 27
4 37
17 34
14 5
3 19
17 34
9 27
21 28
23 11
18 24
2 46
23 48
20 7
22 13
23 46
19 26
23 26
17 17
19 27
17 27
21 32
9 9
20 22
22 31
2 8
12 5
7 33
16 45
1 2
16 1
5 13
3 31
2 16
3 35
4 11
16 20
17 18
0 41
8 29
18 31
18 46
5 2
18 29
18 30
7 5
8 27
12 40
14 5
14 21
13 47
17 0
8 28
18 24
5 1
8 48
11 12
10 33
