EQUIPE lionel pepsi
INSTANCE 6
0 22
1 0
2 18
3 1
4 6
5 11
6 21
7 19
8 24
9 17
10 8
11 14
12 42
13 9
14 7
15 2
16 25
17 10
18 36
19 23
20 28
21 45
22 4
23 3
24 31
0 22
0 41
0 43
1 0
1 17
1 22
1 44
2 18
2 42
2 49
3 1
3 14
3 16
3 35
4 6
4 28
4 48
4 49
5 11
5 15
5 20
6 21
6 26
6 29
6 34
6 36
6 37
6 39
7 18
7 19
7 20
7 36
7 42
7 49
8 0
8 24
8 28
8 35
8 39
8 41
9 17
9 31
9 40
9 45
10 0
10 8
10 16
10 19
10 24
10 28
10 37
10 48
11 8
11 14
11 16
11 21
11 26
11 30
11 36
12 18
12 22
12 42
12 46
12 49
13 9
13 10
13 34
13 35
13 40
14 7
14 22
14 29
15 2
15 16
15 20
15 26
16 6
16 25
16 37
16 43
17 10
17 12
17 13
17 24
17 33
17 41
17 46
17 47
18 36
18 47
19 1
19 7
19 18
19 23
19 32
19 35
19 41
20 22
20 28
20 31
20 35
20 41
20 49
21 24
21 45
22 4
22 9
22 12
22 17
22 24
22 25
22 38
23 3
23 10
23 36
24 17
24 31
24 32
