EQUIPE lionel pepsi
INSTANCE 14
0 3
1 1
2 2
3 10
4 4
5 5
6 7
7 0
8 8
9 6
10 11
11 12
12 9
13 13
14 14
15 17
16 15
17 16
18 19
19 21
20 24
21 20
22 22
23 25
24 18
0 3
0 4
0 8
0 10
0 19
0 22
0 23
0 24
0 27
0 30
0 33
0 36
0 38
0 41
0 43
1 1
1 2
1 5
1 7
1 8
1 10
1 11
1 14
1 16
1 17
1 18
1 24
1 26
1 28
1 32
1 34
1 36
1 37
1 38
1 39
1 40
1 41
1 42
1 44
1 45
2 1
2 2
2 4
2 6
2 10
2 11
2 12
2 13
2 19
2 20
2 21
2 22
2 23
2 24
2 25
2 26
2 33
2 39
2 40
2 41
2 45
3 2
3 10
3 12
3 14
3 20
3 22
3 26
3 34
3 35
3 36
3 40
3 42
3 44
3 45
3 48
4 1
4 3
4 4
4 13
4 14
4 18
4 19
4 21
4 24
4 25
4 27
4 28
4 31
4 33
4 34
4 36
4 40
4 43
4 44
4 45
4 48
5 2
5 4
5 5
5 13
5 14
5 16
5 19
5 22
5 24
5 36
5 37
5 38
5 40
5 42
5 44
5 45
5 47
5 48
5 49
6 4
6 5
6 7
6 9
6 10
6 11
6 17
6 19
6 20
6 22
6 24
6 25
6 28
6 29
6 32
6 34
6 41
6 45
6 48
7 0
7 1
7 2
7 3
7 5
7 6
7 7
7 8
7 11
7 19
7 20
7 22
7 26
7 27
7 31
7 35
7 36
7 37
7 38
7 40
7 44
7 46
7 48
8 0
8 2
8 4
8 8
8 10
8 11
8 15
8 21
8 22
8 26
8 28
8 29
8 30
8 31
8 33
8 35
8 36
8 38
8 43
8 49
9 0
9 3
9 6
9 7
9 9
9 12
9 14
9 15
9 17
9 26
9 27
9 29
9 30
9 32
9 33
9 34
9 35
9 38
9 39
9 40
9 49
10 0
10 2
10 4
10 6
10 11
10 12
10 13
10 17
10 19
10 21
10 24
10 26
10 27
10 28
10 32
10 35
10 36
10 37
10 41
10 45
10 46
10 48
10 49
11 0
11 2
11 4
11 5
11 10
11 11
11 12
11 13
11 21
11 22
11 25
11 27
11 28
11 29
11 30
11 31
11 39
11 40
11 41
11 42
11 44
11 45
11 46
11 48
12 1
12 2
12 4
12 6
12 9
12 11
12 12
12 13
12 18
12 19
12 20
12 22
12 27
12 28
12 31
12 32
12 33
12 36
12 37
12 41
12 42
12 46
12 47
12 49
13 2
13 4
13 8
13 11
13 13
13 16
13 20
13 21
13 22
13 26
13 29
13 34
13 37
13 39
13 40
13 44
13 48
13 49
14 1
14 2
14 5
14 14
14 15
14 20
14 22
14 24
14 25
14 26
14 27
14 29
14 42
14 43
14 44
14 45
14 46
14 47
14 48
15 0
15 3
15 6
15 8
15 11
15 12
15 14
15 17
15 21
15 25
15 31
15 33
15 34
15 36
15 37
15 38
15 41
15 49
16 2
16 8
16 13
16 15
16 19
16 22
16 24
16 27
16 28
16 29
16 33
16 36
16 38
16 39
16 40
16 41
16 42
16 46
16 47
16 48
16 49
17 0
17 2
17 4
17 7
17 8
17 11
17 13
17 14
17 16
17 21
17 22
17 23
17 25
17 26
17 27
17 28
17 31
17 36
17 37
17 41
17 49
18 1
18 4
18 11
18 12
18 14
18 16
18 17
18 19
18 23
18 25
18 29
18 33
18 35
18 36
18 37
18 40
18 41
18 43
18 44
18 46
18 47
18 48
19 1
19 2
19 4
19 8
19 10
19 11
19 15
19 19
19 21
19 22
19 23
19 25
19 30
19 33
19 34
19 35
19 40
19 42
19 45
19 48
19 49
20 3
20 4
20 6
20 7
20 8
20 10
20 13
20 15
20 17
20 19
20 21
20 24
20 28
20 29
20 37
20 38
20 39
20 41
20 47
20 48
20 49
21 2
21 6
21 13
21 14
21 16
21 17
21 20
21 23
21 25
21 26
21 29
21 33
21 34
21 36
21 39
21 40
21 41
21 42
21 45
22 3
22 4
22 10
22 12
22 13
22 15
22 17
22 22
22 27
22 32
22 36
22 37
22 38
22 39
22 41
22 45
22 46
22 47
22 48
23 5
23 8
23 10
23 14
23 16
23 20
23 25
23 27
23 29
23 30
23 35
23 40
23 42
23 44
23 45
23 46
23 48
24 0
24 8
24 11
24 13
24 14
24 18
24 22
24 24
24 30
24 32
24 33
24 40
24 46
24 48
