EQUIPE lionel pepsi
INSTANCE 7
0 1
1 3
2 2
3 21
4 30
5 9
6 4
7 0
8 35
9 5
10 14
11 7
12 17
13 18
14 37
15 24
16 28
17 36
18 11
19 12
20 13
21 40
22 20
23 8
24 23
0 1
0 44
1 3
1 13
1 15
1 21
1 22
1 28
1 32
2 2
2 6
2 17
2 18
2 26
2 28
2 30
2 31
2 34
2 37
2 42
3 21
3 30
4 3
4 30
4 34
4 40
4 46
5 9
5 49
6 4
6 6
6 9
6 27
6 30
6 46
7 0
7 5
7 7
7 18
7 37
7 38
7 40
7 41
8 35
8 40
9 5
9 8
9 18
9 20
9 25
9 45
10 14
10 26
10 31
11 0
11 7
11 14
11 15
11 30
11 31
11 44
11 45
11 47
12 17
12 23
12 34
12 35
12 44
12 45
12 49
13 7
13 18
13 27
13 41
13 45
14 37
14 44
14 47
15 24
15 31
15 45
15 46
16 1
16 3
16 7
16 28
16 31
16 40
16 41
16 45
16 48
17 2
17 3
17 36
17 38
17 45
18 3
18 11
18 17
19 5
19 7
19 12
19 23
19 26
19 34
19 37
19 39
20 11
20 12
20 13
20 25
20 46
21 0
21 1
21 11
21 18
21 40
21 46
22 9
22 18
22 20
23 5
23 7
23 8
23 12
23 29
23 36
24 23
24 37
24 45
