EQUIPE lionel pepsi
INSTANCE 8
0 17
1 39
2 18
3 11
4 15
5 2
6 8
7 1
8 23
9 3
10 38
11 24
12 4
13 7
14 29
15 19
16 32
18 9
19 40
20 5
21 28
22 16
23 25
24 0
0 17
0 36
0 47
1 17
1 39
1 41
2 18
2 24
2 34
2 39
3 11
3 32
4 15
4 23
4 35
4 47
5 2
5 23
5 24
5 27
5 31
5 32
5 42
5 44
6 8
6 12
6 20
6 33
6 44
7 1
7 3
7 13
7 18
7 22
7 32
7 40
7 42
7 46
8 23
8 42
8 45
8 48
9 3
9 23
9 29
10 3
10 15
10 38
10 39
10 40
11 2
11 24
11 45
12 4
12 11
12 28
12 37
12 43
12 44
12 45
13 4
13 7
13 12
13 13
13 18
13 31
13 49
14 1
14 29
14 31
14 33
14 36
15 1
15 19
15 23
15 36
15 49
16 17
16 23
16 32
16 41
17 3
17 11
17 15
18 1
18 2
18 9
18 18
18 35
18 45
18 46
19 18
19 38
19 40
19 47
20 5
20 6
20 12
20 17
20 27
20 30
20 36
21 28
22 9
22 16
22 42
23 5
23 25
23 33
24 0
24 9
24 12
24 34
24 35
24 44
