EQUIPE lionel pepsi
INSTANCE 14
0 3
0 8
0 27
0 38
1 1
1 5
1 10
1 24
2 1
2 10
2 33
2 39
3 2
3 34
3 48
4 1
4 31
4 43
5 2
5 13
5 16
5 24
5 36
5 44
5 47
6 4
6 7
6 17
6 22
6 41
7 0
7 40
7 44
8 0
8 8
8 10
8 15
8 21
9 0
9 6
9 12
9 38
10 0
10 2
10 19
10 21
10 24
10 48
11 0
11 4
11 10
11 25
12 1
12 18
12 31
12 36
13 2
13 26
14 1
14 20
14 42
15 0
15 3
15 33
15 41
15 49
16 2
16 8
16 24
17 0
17 7
17 21
17 41
18 1
18 11
18 29
19 1
19 19
19 30
20 3
20 28
20 37
20 47
21 2
21 6
21 13
21 36
22 3
23 5
23 14
23 25
23 35
23 40
23 42
23 44
24 0
24 8
24 22
24 30
24 40
24 46
