EQUIPE lionel pepsi
INSTANCE 13
0 1
0 5
0 17
1 2
1 30
1 35
1 47
2 1
2 12
2 16
2 31
3 2
3 7
3 10
3 14
3 16
3 38
3 48
4 4
4 11
4 13
4 16
4 21
4 34
4 37
4 41
5 0
5 13
5 37
5 45
6 0
6 18
6 32
6 37
6 45
7 3
7 11
7 24
7 33
7 39
7 49
8 1
8 4
8 9
8 20
8 39
9 2
9 9
9 27
9 39
9 42
10 3
10 13
10 28
10 33
10 43
10 48
11 1
11 10
11 17
11 27
12 3
12 18
12 23
12 49
13 0
13 9
13 18
13 23
13 34
13 36
14 0
14 2
14 5
15 0
15 3
15 12
15 31
16 1
16 12
16 23
16 36
16 40
17 0
17 14
17 26
17 32
17 49
18 1
18 17
18 20
18 43
19 1
19 18
19 26
20 3
20 7
20 17
20 41
21 2
21 17
22 1
22 11
22 23
22 28
22 42
23 2
23 4
23 15
23 20
23 38
23 41
23 48
24 3
24 7
24 15
24 19
24 35
24 38
