EQUIPE lionel pepsi
INSTANCE 13
21 20
0 18
12 39
19 46
14 24
1 9
3 21
24 49
11 28
12 2
15 13
17 5
18 34
0 4
2 41
23 23
17 42
2 16
6 5
9 33
15 32
19 2
3 45
4 26
9 48
14 17
21 7
4 19
4 47
6 1
16 22
20 31
22 15
1 32
5 27
10 38
11 0
13 14
16 4
1 24
1 38
2 14
3 34
4 29
5 11
10 24
11 7
13 25
13 43
14 19
20 42
1 3
2 7
4 37
5 17
5 49
11 3
15 47
17 24
19 20
20 3
22 28
22 35
22 48
23 10
23 40
24 1
0 42
0 48
1 0
3 9
4 6
4 38
5 10
5 29
6 4
7 0
7 35
8 46
9 15
10 41
10 44
13 22
13 37
13 48
14 45
15 40
16 3
16 8
16 15
16 37
17 1
17 4
20 0
21 8
21 36
22 22
22 25
22 29
22 38
24 18
