EQUIPE lionel pepsi
INSTANCE 15
1 16
9 6
13 25
13 41
0 48
6 15
12 34
21 21
1 0
10 40
23 2
2 4
5 21
11 14
12 8
16 7
2 35
12 3
13 44
18 30
0 27
5 7
16 18
22 48
0 20
1 44
14 13
15 0
24 24
4 22
6 27
8 2
8 44
8 49
16 48
17 40
19 12
19 23
20 5
20 27
20 42
22 33
0 12
0 36
5 39
7 31
10 6
10 26
12 33
13 49
14 4
14 17
14 40
17 9
19 14
21 23
22 1
23 14
23 29
23 45
0 8
0 46
2 24
2 26
2 31
2 49
3 8
4 14
4 47
5 11
5 23
5 36
8 17
9 30
9 38
9 40
10 10
10 32
11 24
12 46
13 24
14 35
15 32
17 27
17 45
20 17
21 31
21 39
22 3
22 10
23 38
24 36
0 4
1 1
1 8
1 32
1 38
2 43
3 18
4 0
4 5
5 46
6 16
6 42
7 13
7 46
8 8
8 10
8 15
9 17
9 31
9 46
10 28
11 5
11 15
11 18
11 34
11 38
11 48
12 2
12 21
12 29
12 43
13 6
13 8
13 22
13 28
14 10
14 46
15 35
15 42
16 37
17 20
17 29
18 4
18 43
19 24
19 36
19 45
20 18
20 49
21 16
22 4
22 47
23 8
23 22
23 49
24 18
24 20
24 39
