EQUIPE lionel pepsi
INSTANCE 14
7 22
16 45
9 13
1 40
8 48
18 44
21 21
4 16
10 42
12 10
15 15
17 25
22 40
11 34
2 8
6 33
20 2
3 5
10 5
13 1
20 42
23 19
9 46
18 8
20 46
2 27
8 0
22 0
23 28
0 1
0 17
0 40
3 30
5 39
9 8
11 49
12 20
12 26
12 38
15 39
1 12
2 2
12 31
15 47
17 43
20 23
21 48
23 6
24 12
24 17
24 26
0 25
2 43
4 35
5 0
5 12
5 20
5 26
6 8
10 14
13 27
16 17
17 4
19 31
19 36
19 46
24 21
0 7
0 18
0 34
2 3
2 49
3 31
3 47
5 41
6 0
6 12
6 15
6 18
7 21
8 1
8 3
8 12
8 39
9 19
10 7
11 1
11 11
11 20
12 24
13 31
13 33
13 35
14 3
14 28
15 44
16 11
16 14
16 25
17 3
19 12
21 37
21 44
21 47
22 35
