EQUIPE lionel pepsi
INSTANCE 16
6 9
8 18
12 38
15 10
5 3
16 15
4 15
0 35
6 43
8 33
17 45
0 17
5 26
12 8
14 24
15 37
18 13
21 27
22 40
23 22
5 16
23 1
0 4
0 32
7 42
12 41
14 14
21 9
3 22
6 28
12 23
13 5
14 31
16 0
18 19
18 35
21 45
0 42
8 27
11 17
14 7
16 6
16 25
23 8
23 29
23 41
24 24
0 6
0 9
0 36
1 24
2 30
2 46
5 38
6 19
7 8
10 3
10 13
11 28
13 47
14 42
17 28
19 12
19 42
20 32
21 18
21 37
21 47
22 2
1 38
1 49
4 34
4 47
8 38
9 25
9 35
10 49
11 20
11 32
11 37
15 45
16 33
17 20
20 23
20 27
20 36
21 39
22 9
22 18
24 1
24 29
24 41
0 0
0 14
0 16
0 24
0 41
0 46
0 47
1 12
1 13
1 44
2 3
2 6
2 31
4 0
4 11
4 16
4 26
4 43
4 49
5 2
5 33
6 29
7 0
8 7
8 36
9 3
9 45
11 7
11 30
11 41
12 22
12 25
12 29
12 46
13 17
13 33
13 34
13 37
15 0
15 26
16 29
16 46
17 9
17 38
20 4
20 21
21 25
21 33
21 46
22 49
23 7
23 15
24 6
24 33
4 37
16 17
24 14
